// 2018-1-4   20 : 25 : 60
#ifndef _GMM_
#define _GMM_
float prio[] = {0.083595, 0.051229, 0.032997, 0.048632, 0.078094, 0.054781, 0.123747, 0.014399, 0.018987, 0.017677, 0.025333, 0.063138, 0.020288, 0.018531, 0.062227, 0.061338, 0.018651, 0.053397, 0.028277, 0.124682, };

float mu[][6] = {{-0.538001, -0.908658, 1.613275, 2.573547, -1.130206, -2.358194}, \
{-0.492679, -1.086726, 1.778347, 2.816352, -1.328163, -2.357869}, \
{-0.609256, -1.449556, 2.201057, 2.633689, -0.422002, -2.357065}, \
{-1.678957, -1.521431, 2.199607, 2.439096, 0.124591, -2.356566}, \
{-0.568712, -0.993514, 1.807359, 2.515929, -0.999649, -2.358169}, \
{-0.487041, -1.104014, 1.948749, 2.817065, -0.938838, -2.356291}, \
{-0.576354, -0.806237, 1.458915, 2.544312, -1.006265, -2.357144}, \
{-0.460426, -1.254783, 2.176373, 2.768101, -0.883330, -2.357600}, \
{-1.100407, -1.924411, 2.234947, 2.483205, -0.245024, -2.354599}, \
{-0.977669, -1.560421, 2.201132, 2.546170, -0.306198, -2.355847}, \
{-1.532070, -1.812604, 2.201443, 2.354066, 0.115374, -2.356144}, \
{-0.567668, -0.906380, 1.604395, 2.671047, -0.978095, -2.355762}, \
{-1.203290, -1.562574, 2.201227, 2.228789, 0.123093, -2.357324}, \
{-0.743127, -1.573253, 2.276025, 2.726936, -0.686004, -2.355313}, \
{-0.660341, -1.272958, 2.104200, 2.578653, -0.956727, -2.358053}, \
{-0.851145, -1.450236, 2.197508, 2.566156, -0.709109, -2.357560}, \
{-1.537636, -1.641632, 2.200328, 2.329099, -0.012061, -2.356107}, \
{-1.530267, -1.512749, 2.197589, 2.436845, 0.121197, -2.357558}, \
{-0.655735, -1.403322, 2.124561, 2.828542, -1.004871, -2.357930}, \
{-1.297326, -1.537832, 2.199269, 2.428137, -0.153779, -2.356934}, \
};

float sigma[][36] = {{0.000355, 0.000586, -0.000984, 0.000817, -0.000448, -0.000001, 0.000586, 0.004565, -0.006964, 0.000257, -0.000338, 0.000001, -0.000984, -0.006964, 0.011107, -0.001501, 0.000828, -0.000000, 0.000817, 0.000257, -0.001501, 0.004602, -0.001655, -0.000009, -0.000448, -0.000338, 0.000828, -0.001655, 0.000774, 0.000003, -0.000001, 0.000001, -0.000000, -0.000009, 0.000003, 0.000020, }, \
{0.000057, 0.000787, -0.000802, -0.000022, -0.000003, -0.000000, 0.000787, 0.019723, -0.020177, -0.000495, -0.000061, -0.000007, -0.000802, -0.020177, 0.020722, 0.000497, 0.000063, 0.000008, -0.000022, -0.000495, 0.000497, 0.000038, 0.000002, 0.000000, -0.000003, -0.000061, 0.000063, 0.000002, 0.000020, 0.000000, -0.000000, -0.000007, 0.000008, 0.000000, 0.000000, 0.000020, }, \
{0.020896, 0.007918, -0.000184, 0.007687, -0.019202, -0.000100, 0.007918, 0.004561, -0.000065, 0.006929, -0.012689, -0.000037, -0.000184, -0.000065, 0.000029, -0.000154, 0.000352, 0.000000, 0.007687, 0.006929, -0.000154, 0.027472, -0.039701, 0.000059, -0.019202, -0.012689, 0.000352, -0.039701, 0.062461, -0.000030, -0.000100, -0.000037, 0.000000, 0.000059, -0.000030, 0.000021, }, \
{0.000612, -0.000349, -0.000002, -0.000323, -0.000014, 0.000007, -0.000349, 0.000272, -0.000001, 0.000233, 0.000003, -0.000006, -0.000002, -0.000001, 0.000023, -0.000012, 0.000001, 0.000001, -0.000323, 0.000233, -0.000012, 0.000316, 0.000001, -0.000007, -0.000014, 0.000003, 0.000001, 0.000001, 0.000022, 0.000001, 0.000007, -0.000006, 0.000001, -0.000007, 0.000001, 0.000021, }, \
{0.004519, 0.001188, 0.001692, 0.000403, -0.003195, 0.000014, 0.001188, 0.007285, -0.010138, -0.000572, 0.002333, 0.000007, 0.001692, -0.010138, 0.019078, 0.000184, -0.002503, 0.000003, 0.000403, -0.000572, 0.000184, 0.002550, -0.000672, -0.000001, -0.003195, 0.002333, -0.002503, -0.000672, 0.010573, -0.000005, 0.000014, 0.000007, 0.000003, -0.000001, -0.000005, 0.000020, }, \
{0.004134, 0.003626, -0.001080, -0.003416, -0.002854, -0.000078, 0.003626, 0.016688, -0.018200, -0.009891, -0.006833, -0.000082, -0.001080, -0.018200, 0.022536, 0.009534, 0.006679, 0.000045, -0.003416, -0.009891, 0.009534, 0.009017, 0.005442, 0.000065, -0.002854, -0.006833, 0.006679, 0.005442, 0.007672, 0.000116, -0.000078, -0.000082, 0.000045, 0.000065, 0.000116, 0.000022, }, \
{0.000215, 0.000113, -0.000043, 0.000038, -0.000553, 0.000013, 0.000113, 0.000446, -0.000680, 0.000259, 0.000025, 0.000008, -0.000043, -0.000680, 0.001306, -0.000452, -0.000615, -0.000000, 0.000038, 0.000259, -0.000452, 0.000835, 0.000118, 0.000012, -0.000553, 0.000025, -0.000615, 0.000118, 0.002327, -0.000047, 0.000013, 0.000008, -0.000000, 0.000012, -0.000047, 0.000022, }, \
{0.003200, 0.001595, -0.000555, 0.001522, -0.003873, -0.000032, 0.001595, 0.003967, -0.001159, -0.003162, -0.004683, -0.000047, -0.000555, -0.001159, 0.000545, 0.000697, 0.001925, 0.000004, 0.001522, -0.003162, 0.000697, 0.006114, 0.000909, 0.000038, -0.003873, -0.004683, 0.001925, 0.000909, 0.009399, 0.000023, -0.000032, -0.000047, 0.000004, 0.000038, 0.000023, 0.000021, }, \
{0.007340, 0.003438, 0.002263, 0.007074, -0.011461, -0.000002, 0.003438, 0.001934, 0.001149, 0.003107, -0.004556, -0.000004, 0.002263, 0.001149, 0.000758, 0.002196, -0.003308, -0.000002, 0.007074, 0.003107, 0.002196, 0.007489, -0.011803, -0.000006, -0.011461, -0.004556, -0.003308, -0.011803, 0.020427, -0.000003, -0.000002, -0.000004, -0.000002, -0.000006, -0.000003, 0.000020, }, \
{0.012581, -0.003014, 0.000059, 0.000523, 0.000876, 0.000034, -0.003014, 0.003055, -0.000032, 0.004145, -0.002162, -0.000021, 0.000059, -0.000032, 0.000024, -0.000090, 0.000078, -0.000000, 0.000523, 0.004145, -0.000090, 0.009711, -0.004859, -0.000014, 0.000876, -0.002162, 0.000078, -0.004859, 0.003005, 0.000003, 0.000034, -0.000021, -0.000000, -0.000014, 0.000003, 0.000020, }, \
{0.017340, -0.015817, 0.000039, -0.000034, -0.001635, 0.000010, -0.015817, 0.016397, -0.000036, 0.000077, 0.001289, -0.000008, 0.000039, -0.000036, 0.000020, -0.000000, -0.000004, 0.000000, -0.000034, 0.000077, -0.000000, 0.000022, -0.000001, 0.000000, -0.001635, 0.001289, -0.000004, -0.000001, 0.000203, -0.000001, 0.000010, -0.000008, 0.000000, 0.000000, -0.000001, 0.000020, }, \
{0.000185, -0.000074, 0.000133, 0.000451, 0.000405, 0.000005, -0.000074, 0.003891, -0.004833, -0.005249, -0.000222, -0.000011, 0.000133, -0.004833, 0.006328, 0.006026, 0.000208, 0.000007, 0.000451, -0.005249, 0.006026, 0.010109, 0.001917, 0.000062, 0.000405, -0.000222, 0.000208, 0.001917, 0.001404, 0.000029, 0.000005, -0.000011, 0.000007, 0.000062, 0.000029, 0.000021, }, \
{0.047864, -0.000853, 0.000010, 0.000320, -0.000558, 0.000015, -0.000853, 0.000121, -0.000000, 0.000039, -0.000011, -0.000000, 0.000010, -0.000000, 0.000020, 0.000000, -0.000000, 0.000000, 0.000320, 0.000039, 0.000000, 0.000056, -0.000017, 0.000000, -0.000558, -0.000011, -0.000000, -0.000017, 0.000036, -0.000000, 0.000015, -0.000000, 0.000000, 0.000000, -0.000000, 0.000020, }, \
{0.010489, 0.011096, -0.000264, 0.011092, -0.013406, -0.000002, 0.011096, 0.016617, -0.002628, 0.013276, -0.015864, -0.000078, -0.000264, -0.002628, 0.001188, -0.001125, 0.001108, 0.000037, 0.011092, 0.013276, -0.001125, 0.013404, -0.014299, -0.000025, -0.013406, -0.015864, 0.001108, -0.014299, 0.017959, 0.000029, -0.000002, -0.000078, 0.000037, -0.000025, 0.000029, 0.000021, }, \
{0.003584, 0.004124, -0.001342, -0.001878, -0.001348, -0.000015, 0.004124, 0.007029, -0.003359, -0.002464, -0.000953, -0.000022, -0.001342, -0.003359, 0.004229, -0.000431, 0.002754, 0.000015, -0.001878, -0.002464, -0.000431, 0.002401, -0.000938, 0.000010, -0.001348, -0.000953, 0.002754, -0.000938, 0.004376, 0.000012, -0.000015, -0.000022, 0.000015, 0.000010, 0.000012, 0.000020, }, \
{0.016518, 0.011897, -0.000201, 0.000879, -0.013755, -0.000065, 0.011897, 0.010686, -0.000118, -0.003979, -0.007049, -0.000057, -0.000201, -0.000118, 0.000036, -0.000051, 0.000352, 0.000000, 0.000879, -0.003979, -0.000051, 0.011827, -0.007926, 0.000019, -0.013755, -0.007049, 0.000352, -0.007926, 0.020849, 0.000031, -0.000065, -0.000057, 0.000000, 0.000019, 0.000031, 0.000020, }, \
{0.019090, -0.006223, -0.000002, 0.000740, -0.021485, 0.000002, -0.006223, 0.002941, 0.000006, 0.000637, 0.006419, -0.000001, -0.000002, 0.000006, 0.000020, 0.000007, -0.000003, -0.000000, 0.000740, 0.000637, 0.000007, 0.001152, -0.001480, -0.000001, -0.021485, 0.006419, -0.000003, -0.001480, 0.024793, -0.000002, 0.000002, -0.000001, -0.000000, -0.000001, -0.000002, 0.000020, }, \
{0.010202, 0.000340, -0.000196, 0.002112, -0.000104, -0.000027, 0.000340, 0.000065, -0.000014, 0.000287, -0.000002, -0.000001, -0.000196, -0.000014, 0.000027, -0.000086, -0.000000, 0.000001, 0.002112, 0.000287, -0.000086, 0.001922, -0.000018, -0.000005, -0.000104, -0.000002, -0.000000, -0.000018, 0.000039, -0.000000, -0.000027, -0.000001, 0.000001, -0.000005, -0.000000, 0.000020, }, \
{0.003400, 0.000279, -0.001236, -0.000126, -0.008338, 0.000001, 0.000279, 0.000059, -0.000082, -0.000010, -0.000697, 0.000000, -0.001236, -0.000082, 0.000721, 0.000039, 0.003497, -0.000001, -0.000126, -0.000010, 0.000039, 0.000026, 0.000309, -0.000000, -0.008338, -0.000697, 0.003497, 0.000309, 0.022303, -0.000005, 0.000001, 0.000000, -0.000001, -0.000000, -0.000005, 0.000020, }, \
{0.028821, 0.001426, -0.000029, 0.001243, -0.028124, -0.000036, 0.001426, 0.003131, -0.000019, 0.000802, -0.005069, -0.000042, -0.000029, -0.000019, 0.000024, -0.000037, 0.000058, 0.000001, 0.001243, 0.000802, -0.000037, 0.000717, -0.001963, -0.000008, -0.028124, -0.005069, 0.000058, -0.001963, 0.035109, 0.000099, -0.000036, -0.000042, 0.000001, -0.000008, 0.000099, 0.000021, }, \
};

float preprocessing[][6] = {{-1.699920, -1.964548, 1.388536, 2.225395, -1.328630, -2.358760},\
{-0.372705, -0.770150, 2.293942, 2.950210, 0.125889, -2.354089},\
};

int randcol[] = {1, 2, 3, 4, 5, 6};

int nstates = 20;
int dim = 6;
double threshold = 10.127271;
#endif