// 2018-1-7   19 : 3 : 16
#ifndef _GMM_
#define _GMM_
float prio[] = {0.096660, 0.146336, 0.146276, 0.216045, 0.179592, 0.144064, 0.071026, };

float mu[][6] = {{-1.278471, -1.508259, 2.009627, 2.772603, -0.375596, -2.353537}, \
{-0.867092, -1.199304, 2.089687, 2.755609, -0.848744, -2.536579}, \
{-0.918411, -0.824946, 1.056690, 2.967684, -0.674118, -2.479763}, \
{-0.834858, -0.564162, 1.519979, 2.563295, -0.691825, -2.620410}, \
{-1.358337, -1.573840, 2.120530, 3.119984, -0.403623, -2.875011}, \
{-0.594567, -0.892427, 1.632068, 2.483257, -0.942632, -2.354028}, \
{-0.928816, -1.191398, 2.055043, 3.252173, -0.592667, -3.250775}, \
};

float sigma[][36] = {{0.047400, 0.026519, -0.020642, 0.027536, -0.048022, -0.019218, 0.026519, 0.029483, -0.024324, 0.017409, -0.019912, -0.028906, -0.020642, -0.024324, 0.021672, -0.012309, 0.014448, 0.020019, 0.027536, 0.017409, -0.012309, 0.063516, -0.026305, -0.048392, -0.048022, -0.019912, 0.014448, -0.026305, 0.057328, 0.018537, -0.019218, -0.028906, 0.020019, -0.048392, 0.018537, 0.110359, }, \
{0.029681, 0.009549, -0.012723, -0.009225, -0.016216, 0.022149, 0.009549, 0.034757, -0.003809, -0.027715, -0.005130, -0.000768, -0.012723, -0.003809, 0.009464, 0.004885, 0.009781, -0.014971, -0.009225, -0.027715, 0.004885, 0.036495, 0.010987, -0.011383, -0.016216, -0.005130, 0.009781, 0.010987, 0.035725, -0.022469, 0.022149, -0.000768, -0.014971, -0.011383, -0.022469, 0.100984, }, \
{0.001948, 0.001240, -0.005645, 0.001050, -0.001419, 0.002174, 0.001240, 0.025053, -0.040860, 0.011419, -0.001793, 0.003749, -0.005645, -0.040860, 0.075308, -0.022136, 0.005220, -0.009045, 0.001050, 0.011419, -0.022136, 0.016333, 0.000857, -0.004925, -0.001419, -0.001793, 0.005220, 0.000857, 0.005441, -0.003091, 0.002174, 0.003749, -0.009045, -0.004925, -0.003091, 0.014146, }, \
{0.001838, 0.001889, -0.002674, -0.005429, -0.005245, 0.006535, 0.001889, 0.022251, -0.037350, -0.023608, -0.001243, 0.029094, -0.002674, -0.037350, 0.065670, 0.031676, -0.001080, -0.043693, -0.005429, -0.023608, 0.031676, 0.094807, 0.036599, -0.090935, -0.005245, -0.001243, -0.001080, 0.036599, 0.032397, -0.037677, 0.006535, 0.029094, -0.043693, -0.090935, -0.037677, 0.102515, }, \
{0.040516, 0.013947, -0.003884, 0.011326, -0.028755, 0.000094, 0.013947, 0.010721, -0.002574, -0.011631, -0.004972, 0.008956, -0.003884, -0.002574, 0.003471, -0.002869, -0.000230, -0.000646, 0.011326, -0.011631, -0.002869, 0.097376, -0.014464, -0.065156, -0.028755, -0.004972, -0.000230, -0.014464, 0.051906, 0.008478, 0.000094, 0.008956, -0.000646, -0.065156, 0.008478, 0.062631, }, \
{0.000818, 0.000553, -0.001285, -0.000053, -0.002118, 0.001263, 0.000553, 0.005551, -0.009968, -0.003121, 0.000202, 0.002909, -0.001285, -0.009968, 0.018729, 0.004848, 0.000383, -0.003887, -0.000053, -0.003121, 0.004848, 0.007048, -0.000806, -0.013343, -0.002118, 0.000202, 0.000383, -0.000806, 0.008037, -0.001537, 0.001263, 0.002909, -0.003887, -0.013343, -0.001537, 0.053631, }, \
{0.027083, 0.003347, -0.004358, -0.005941, -0.015697, 0.006640, 0.003347, 0.028876, -0.004316, -0.028078, -0.014653, 0.005276, -0.004358, -0.004316, 0.019838, -0.001062, -0.003617, -0.003096, -0.005941, -0.028078, -0.001062, 0.054189, 0.017620, -0.010888, -0.015697, -0.014653, -0.003617, 0.017620, 0.030031, -0.003893, 0.006640, 0.005276, -0.003096, -0.010888, -0.003893, 0.006442, }, \
};

float preprocessing[][6] = {{-1.712211, -1.772389, 0.667385, 2.115992, -1.343849, -3.451955},\
{-0.542330, -0.335440, 2.304311, 3.756360, 0.162903, -1.779947},\
};

int randcol[] = {1, 2, 3, 4, 5, 6};

int nstates = 7;
int dim = 6;
double threshold = 0.500056;
#endif